id gender
1001-134707 m
1001-134708 m
101-126859 m
101-126860 m
101-126861 m
1018-133447 m
1018-135221 m
102-129232 f
1025-75365 m
1025-92814 m
1025-92820 m
1027-125140 m
1027-125147 m
1028-133393 m
1028-133395 m
1034-121119 m
104-123365 f
104-132091 f
104-132092 f
1040-133433 m
1046-133224 m
1046-133225 m
1049-133454 m
1050-134119 f
1050-134120 f
1050-134121 f
1051-133881 f
1051-133883 f
1051-133886 f
1052-132776 f
1054-143005 f
1058-131113 m
1058-133263 m
1061-142358 f
1065-134602 m
1065-134611 m
1065-135665 m
1069-133699 f
1069-133709 f
107-22885 m
107-22887 m
1079-128633 f
1081-125237 m
1081-128618 m
1084-139230 f
1084-145077 f
1085-138296 m
1085-156170 m
1085-169444 m
1088-129236 f
1092-134563 f
1092-134568 f
1092-134579 f
1094-129661 m
1094-157768 m
1096-128264 m
1096-128265 m
1096-128267 m
1096-17320 m
1097-136910 m
1097-136912 m
1097-136955 m
1098-133695 f
110-1 f
110-2 f
1100-124547 f
1100-135264 f
1107-1042 m
1107-133254 m
1107-133727 m
1107-134311 m
1107-134313 m
111-126265 f
111-126277 f
1110-134828 m
1110-134829 m
1110-136055 m
1112-1043 m
1112-128138 m
1116-132847 f
1116-132851 f
1116-137572 f
112-121727 f
1121-132777 m
1121-135824 m
1121-176698 m
1124-132846 f
1124-134775 f
1132-138883 m
1132-145024 m
114-129317 f
115-121720 f
115-122944 f
1152-126549 f
1152-126550 f
1154-129976 f
1154-134886 f
1160-134674 m
1160-139336 m
1160-139717 m
1160-139727 m
1160-139730 m
1161-135206 m
1165-135216 m
1165-135220 m
1168-134958 f
1175-126220 m
1175-126221 m
1179-136599 m
1179-138367 m
1179-139203 m
118-121721 m
118-124588 m
118-47824 m
1182-133396 m
1182-134316 m
1182-134981 m
1183-128659 f
1183-133255 f
1184-135532 m
1184-135536 m
1184-135540 m
1187-136220 m
1187-136238 m
1187-136241 m
119-121722 m
119-129513 m
119-129514 m
119-129515 m
1195-130164 f
1200-135043 m
1200-135059 m
1200-135067 m
1200-135068 m
122-121730 m
122-121734 m
122-129752 m
1222-133834 m
1222-141174 m
1225-129526 m
1225-129802 m
1226-141268 m
1226-141270 m
1226-141279 m
123-25081 f
123-25084 f
1230-1060 m
1230-1068 m
1230-139216 m
1230-139225 m
1235-135883 m
1235-135884 m
1235-135887 m
1239-138254 m
1239-139609 m
1241-121106 f
1241-137614 f
1246-124548 f
1246-124550 f
1246-135815 f
1252-134983 f
1258-135062 m
1258-135063 m
1259-137770 f
1259-72927 f
1260-139266 m
1260-139267 m
1260-139271 m
1260-139272 m
1261-127742 m
1261-131411 m
1261-136350 m
1263-139804 f
1264-129805 m
1264-135033 m
1265-135635 m
1265-135636 m
1266-135837 f
127-129385 m
127-129390 m
1271-128145 m
1271-133279 m
1271-136861 m
1274-121770 m
1274-121771 m
128-121911 m
128-134883 m
128-134884 m
1280-135136 m
1280-143268 m
1283-129808 m
1283-136983 m
1289-288043 f
1296-138074 f
1298-1054 f
1298-142236 f
1311-134170 m
1311-134176 m
1313-135020 m
1313-135022 m
1313-136054 m
1316-132782 m
1316-132800 m
1322-137588 m
1322-137589 m
1323-138548 m
1323-138617 m
1323-149236 m
133-142924 m
133-143240 m
1331-155890 m
1331-155891 m
1331-155892 m
1334-135589 m
1335-163935 f
1335-27593 f
1336-138113 m
1336-138115 m
1337-10673 m
1337-10674 m
1337-156963 m
1341-9206 m
1342-130497 f
1342-133248 f
1343-139681 f
1347-135885 m
1347-164338 m
1348-135832 f
1349-135891 m
1349-135892 m
1353-121397 m
1353-122456 m
1353-134827 m
1355-39947 m
1363-139304 f
1365-134804 m
1365-134825 m
1365-134830 m
1367-291931 m
1367-291967 m
1367-291968 m
1370-138531 f
1373-132103 f
1373-135029 f
1374-133833 m
1379-130486 m
1379-130517 m
1379-130529 m
1379-130530 m
1382-130492 f
1382-130516 f
1382-130548 f
1383-130489 m
1383-130532 m
1383-130533 m
1384-130459 m
1384-130460 m
1384-130461 m
1384-130462 m
1384-130531 m
1387-130989 m
1387-130993 m
1387-134991 m
1390-130495 f
1392-128226 m
1392-128240 m
1392-135654 m
1392-135659 m
1392-140654 m
14-208 f
1403-130575 m
1403-135907 m
1403-138552 m
1413-121799 m
1417-1532 f
1421-8522 f
1422-146111 f
1422-146123 f
1425-139290 f
1425-139291 f
1430-1061 m
1430-139231 m
1444-133287 m
1445-139387 m
1445-139397 m
1445-139404 m
1446-122614 m
1448-135894 f
1455-138263 m
1456-136846 m
1456-139733 m
1460-138289 f
1460-138290 f
1463-134463 f
1469-163403 m
1469-168608 m
147-125737 m
147-125761 m
1472-285314 f
1473-135657 m
1482-140067 m
1482-140071 m
1482-140072 m
1485-121385 m
1485-139314 m
1487-133273 m
149-125750 m
149-125760 m
1492-11251 m
1492-174461 m
1492-55449 m
1494-138315 m
1495-138027 m
1505-1303 m
1505-1304 m
1509-145699 f
151-125753 f
1513-140221 m
1513-140222 m
152-132799 m
152-183930 m
152-87733 m
153-126651 m
153-126652 m
153-126671 m
1535-141642 m
1535-141644 m
1536-137608 m
1536-138488 m
1536-141791 m
154-123998 m
154-124002 m
154-124003 m
154-293987 m
1544-121405 f
1544-140055 f
1544-41167 f
1547-130184 f
1552-140651 m
1552-140656 m
1552-141135 m
1556-143307 m
1559-139347 m
1559-139353 m
1566-133291 f
157-121899 m
157-121907 m
157-126796 m
1571-138486 m
1572-141715 m
1572-141718 m
1578-140049 f
1578-6379 f
1579-128131 f
159-121891 m
159-121902 m
159-135897 m
1593-175346 f
1593-94847 f
1594-135914 m
1595-132753 m
1595-138031 m
1601-136848 m
1601-136862 m
1603-139324 m
1603-139325 m
1603-140931 m
1607-134636 m
1607-149245 m
1607-150715 m
161-121743 m
161-121897 m
161-121898 m
1614-13759 m
1614-13785 m
1614-141486 m
1614-167305 m
1618-32399 m
1618-32402 m
1618-32403 m
1621-141592 m
1621-141593 m
1621-141595 m
1621-141599 m
1624-142933 m
1624-168623 m
1629-139707 f
1629-139710 f
163-121908 m
163-122947 m
1633-141580 f
1633-150458 f
1633-180292 f
1634-141571 m
1636-130501 f
1636-130535 f
1638-84447 m
1638-84448 m
1639-132848 m
1641-130503 f
1643-138089 m
1645-141819 m
1646-121406 m
1646-121408 m
1646-121409 m
1647-140649 m
1647-142742 m
1648-144971 f
1649-150127 f
1649-5776 f
1649-68762 f
1653-142374 f
166-122789 f
1664-122623 f
1665-132826 f
1665-136991 f
167-15255 m
167-68704 m
1678-142279 f
168-123450 m
168-129245 m
168-129246 m
1685-146845 m
1685-146847 m
1685-146849 m
1693-142302 f
1696-142314 f
1699-141159 m
1699-141160 m
17-362 m
17-363 m
1704-142310 f
1705-142318 f
1708-142415 m
1708-142417 m
1710-133295 f
1717-142305 f
1721-142317 f
1723-141149 m
1724-395 f
173-200 f
1734-142311 f
1737-142397 f
1737-146161 f
1740-141148 f
1743-142912 m
1743-142913 m
1743-142914 m
1746-143015 m
1748-1560 m
1748-1562 m
1750-142369 f
1756-134820 f
1757-128103 f
176-122025 m
176-123269 m
176-123270 m
176-123271 m
1765-143010 f
1767-142932 f
1767-142942 f
1767-142944 f
1769-143483 m
1769-143484 m
1769-143485 m
177-122839 f
177-123525 f
177-55218 f
1772-135621 m
1773-139602 f
1773-145712 f
1773-145716 f
1773-145729 f
1776-139035 m
1776-142744 m
1777-142745 m
1777-142750 m
1780-143478 m
1784-142294 f
1789-137618 m
1789-142896 m
1795-142410 m
1795-142412 m
1800-142858 f
1804-131525 f
1806-143946 m
1806-143948 m
1806-2536 m
1809-143025 f
1811-129443 m
1815-143381 m
1815-143382 m
1815-143388 m
1815-9918 m
1819-144401 f
1825-135580 f
1826-139361 m
1826-142752 m
1827-143625 m
1828-141203 m
1841-150351 f
1844-144486 m
1844-145713 m
1845-145083 f
1845-145088 f
1846-144452 m
1846-144458 m
1849-138063 m
1849-144965 m
1863-142324 f
1867-148436 m
1867-154071 m
1867-154075 m
1868-145459 m
1868-145473 m
1868-2318 m
1870-164323 m
1870-164330 m
1874-143361 m
1874-165701 m
1874-165702 m
1874-89898 m
1878-122452 m
1878-122453 m
188-136483 f
1885-136863 f
1898-145715 f
1898-145720 f
1898-145724 f
1901-146686 f
1901-147822 f
1901-60017 f
1903-132499 m
1913-143521 m
1913-147990 m
1914-121446 m
1914-121449 m
1914-133440 m
192-123167 f
192-128344 f
192-128345 f
1920-147026 f
1923-161972 f
1923-161975 f
1924-132574 m
1924-132576 m
1926-143879 f
1926-147979 f
1931-156647 f
1938-176228 m
1938-180290 m
1943-138033 m
1944-159228 f
1944-159230 f
1958-144503 m
196-122150 m
196-122159 m
1961-149738 f
1968-145732 f
1970-26100 f
1970-28415 f
1974-139741 f
198-209 f
1985-144468 m
1987-144135 m
1989-26962 m
20-205 f
200-124139 f
2001-144499 m
2002-139469 m
2003-143254 m
2003-143255 m
2007-149877 f
201-122255 m
201-127786 m
2010-121416 f
2012-139355 m
2012-139356 m
2012-139358 m
2013-147609 m
2013-147610 m
202-129387 f
2021-169435 m
2021-235244 m
2021-235245 m
2021-246946 m
2026-22756 f
2026-81608 f
203-132069 f
2039-141208 m
2039-141209 m
204-162375 m
204-287139 m
2042-134780 f
2042-136442 f
2042-148298 f
2045-158081 m
2046-141204 m
2046-178027 m
205-123882 f
205-157088 f
2050-157659 f
2050-164332 f
2051-153962 m
2060-147963 f
2060-150843 f
2062-143900 f
2063-148525 m
2063-148526 m
2067-143535 m
2067-143536 m
207-122801 m
207-131203 m
207-143321 m
2074-147193 m
2074-149033 m
2074-159371 m
208-126600 f
208-128036 f
2085-147970 f
209-4731 f
209-4733 f
2090-149737 f
2092-145706 f
2092-145709 f
2093-143262 m
2093-143264 m
2093-143271 m
2096-136868 m
210-129396 m
2104-75220 m
2104-78240 m
2104-78253 m
211-122425 f
2110-161100 m
2110-161101 m
2110-161102 m
2113-132484 m
2113-132485 m
2122-149350 m
2127-138047 m
2133-2148 m
2133-289460 m
2136-5140 m
2136-5143 m
2136-5147 m
2137-131742 m
2137-131748 m
2137-131751 m
2137-155944 m
2140-160867 m
2140-17255 m
2140-39822 m
2146-136610 m
2148-6979 f
2148-6981 f
2148-6984 f
2149-36146 m
2149-7235 m
2149-7239 m
2149-8912 m
215-122798 f
215-127369 f
2152-156226 f
2156-25563 m
2156-82458 m
2159-179154 m
2159-179156 m
2159-179157 m
216-122441 m
216-122451 m
2162-164461 m
2162-181961 m
2162-185436 m
2167-149880 m
2167-149881 m
217-122443 f
218-131205 m
218-131206 m
2182-150130 f
2182-181183 f
2185-150123 m
2185-150124 m
2194-150469 f
2195-150894 m
2195-150901 m
2198-133546 m
2198-151049 m
2198-46877 m
22-121140 f
2201-151776 m
2201-160438 m
2201-7371 m
2208-10076 m
2208-11020 m
2229-152842 m
2229-152864 m
2230-124587 f
2230-132101 f
2230-148550 f
2234-64131 m
2234-64139 m
2234-64149 m
2234-64159 m
2237-152229 f
2238-121413 m
2238-121415 m
2240-148521 m
2240-148522 m
2240-148529 m
2246-131710 m
225-131259 f
2256-137627 f
2262-141714 m
2262-141716 m
2262-141717 m
2269-147627 f
2269-165387 f
2269-88761 f
2270-156683 f
2270-156684 f
2270-3545 f
2272-150674 m
2272-152262 m
2272-152264 m
2272-152265 m
2272-152282 m
2273-152357 m
2273-152363 m
2275-150140 f
2276-149909 f
2279-141140 m
2284-135909 m
2285-124595 m
2285-163380 m
2285-163381 m
2288-139949 f
2288-139962 f
2289-152253 m
2289-152254 m
2289-152257 m
2289-152258 m
229-130880 m
2292-150679 m
2292-150689 m
2294-161707 m
2294-161714 m
2294-169656 m
2299-6524 m
2299-6525 m
2301-134424 f
2309-152159 m
2309-152160 m
2309-167347 m
231-119253 m
2312-157868 f
2312-161206 f
2319-138631 m
2319-138656 m
233-134440 m
233-155990 m
2334-150915 m
2334-150916 m
2339-158764 f
2339-181101 f
2341-151701 m
2341-163407 m
2341-163408 m
2346-152201 f
2351-151965 f
2351-151970 f
2356-154880 m
2356-154885 m
2356-154907 m
2361-137615 f
2361-165622 f
2368-157054 m
2368-157056 m
2368-157066 m
2374-155651 f
238-122530 f
2380-152158 m
2384-152900 m
2388-153728 m
2388-153731 m
2388-153733 m
2391-145015 f
2393-144496 m
2397-162238 m
2397-162239 m
2397-162253 m
240-144999 m
240-160592 m
240-160593 m
2404-141240 m
2404-141242 m
2405-148581 m
2405-7360 m
2407-7664 m
2407-7666 m
2407-7667 m
2411-132532 f
2416-152137 f
242-122626 f
242-126842 f
2427-154671 m
2427-154673 m
2427-154697 m
2427-154736 m
2436-2476 m
2436-2477 m
2436-2481 m
2437-153219 m
2437-153220 m
2437-155505 m
2448-141428 m
2448-163517 m
2448-163521 m
245-122647 m
245-122648 m
246-122825 f
246-224 f
2473-155521 m
2473-157859 m
2473-157861 m
2485-143898 f
2488-155508 f
2488-155524 f
2488-155526 f
249-121331 m
2491-134787 m
2494-156014 m
2494-156015 m
2494-156017 m
2494-156018 m
2494-156019 m
2496-156067 m
2496-156083 m
2496-156087 m
2496-156089 m
2498-134785 f
2499-156153 m
2499-156154 m
2499-156155 m
25-123319 m
25-88353 m
250-140277 f
250-142276 f
2512-157480 f
2514-149482 m
2517-135227 m
2517-135229 m
2518-154825 m
2518-154826 m
252-128411 m
252-132011 m
252-140215 m
252-29350 m
2522-147156 f
2526-156061 m
2526-156073 m
2526-156076 m
2526-156098 m
253-124400 m
253-126864 m
2531-156718 m
2531-156720 m
2531-156724 m
2532-163402 f
2533-149939 m
254-12312 m
254-145458 m
254-27760 m
2541-135246 m
2541-159352 m
2541-185493 m
2544-13195 f
2544-27475 f
2545-135235 m
255-121534 m
2552-132097 m
2553-163692 f
2562-133442 m
2562-157263 m
2568-156115 f
2568-156116 f
2568-156118 f
2570-157243 f
2573-178450 f
2574-128278 m
2574-128282 m
2574-128283 m
2574-128303 m
258-121528 m
258-130878 m
2582-155972 f
2582-155973 f
2587-54186 f
2588-11081 m
2588-160947 m
2589-177234 m
2589-22574 m
2589-22581 m
2598-4654 f
26-495 m
26-496 m
2606-130138 m
2606-132102 m
2607-177740 f
2607-177749 f
2618-138042 m
2624-173598 m
2624-88360 m
2625-127773 f
2628-109663 m
2628-153958 m
2628-153964 m
263-121285 m
263-121311 m
264-121332 m
265-122594 m
265-136853 m
2652-157644 f
2654-158744 m
2660-154321 m
2660-173229 m
2660-173260 m
2671-157946 f
2673-156474 m
2673-162129 m
2673-162130 m
2674-155968 m
2676-143903 f
2688-144986 m
2688-144987 m
2691-156745 f
2691-156750 f
2691-156755 f
2694-28858 f
2696-157636 m
27-123349 m
27-124992 m
272-130225 m
272-130226 m
272-130227 m
2724-89874 m
273-123248 m
273-129288 m
2730-154437 f
2735-160603 f
274-121398 f
2740-162051 m
2740-288813 m
2741-159386 f
2748-160959 f
2754-161876 f
2754-161889 f
2754-161902 f
2754-161905 f
2758-161217 f
2758-86040 f
2762-160610 f
2764-36617 f
2764-36619 f
2769-169619 m
2769-176256 m
2769-176263 m
277-122805 f
277-127368 f
2774-131722 m
2775-161226 f
278-127215 f
2785-154282 f
2785-163322 f
2787-157400 m
28-12332 f
2812-160187 m
2815-160188 m
2816-156159 m
2817-142380 f
2823-160953 m
2823-160964 m
2825-666 m
2827-170438 m
2827-170440 m
283-130638 m
2834-132496 f
2843-152918 m
2853-164187 f
2854-51657 m
2854-51658 m
289-121652 f
289-121665 f
2893-139310 m
2893-139322 m
29-123027 m
29-126858 m
29-130413 m
29-130626 m
2911-12359 m
2911-15045 m
2911-15084 m
2911-7601 m
2920-156224 f
2920-156230 f
2925-162505 f
2929-85685 m
2929-86777 m
2930-163436 m
2930-5059 m
294-130872 f
2946-163375 m
2952-407 m
2952-408 m
2952-410 m
296-129659 m
296-141721 m
296-142727 m
2960-155151 m
2960-155152 m
2967-4901 f
2967-4902 f
2971-4275 m
298-126790 f
2985-153199 m
2985-153200 m
2985-153202 m
2988-173558 f
2988-7587 f
2989-138035 f
2990-6534 m
2990-6535 m
2992-164100 m
2992-164101 m
2998-160954 m
2998-160955 m
2999-156967 m
2999-156968 m
30-4445 f
30-4447 f
3003-14274 f
3009-10327 m
3009-10328 m
302-123504 f
302-123523 f
3020-888 m
3020-892 m
3021-121438 m
3021-121439 m
3021-121440 m
3025-12971 f
303-123500 m
303-123506 m
303-123507 m
3045-155991 m
3045-163406 m
3053-148990 f
3054-128242 m
3054-128244 m
3054-128245 m
3060-163499 m
3060-163540 m
3060-163542 m
3063-138651 m
3063-138652 m
307-127535 m
307-127539 m
307-127540 m
3070-166420 m
3070-166421 m
3070-166423 m
3072-155948 m
3072-155949 m
3079-164971 f
3082-165428 m
3083-7943 f
3088-5436 m
3088-5438 m
3088-5441 m
3090-164191 f
3097-165352 m
3097-165353 m
3097-165354 m
3098-5406 m
3098-5407 m
3098-5408 m
31-121969 m
31-121970 m
31-121971 m
31-121972 m
310-129055 f
3100-142810 m
3105-163726 m
3105-166683 m
3109-144137 m
3109-165420 m
311-124404 m
3114-170976 m
3114-170977 m
3118-5909 m
3118-5911 m
3118-5912 m
313-122804 f
3132-163510 m
3132-167590 m
3132-167603 m
3135-166688 m
3137-163489 m
3137-163504 m
3138-173544 f
3142-160977 m
3143-160986 f
3144-166426 m
3144-166428 m
3144-174048 m
3148-4666 m
3157-119295 f
3157-68361 f
3168-173564 m
3168-173565 m
317-127219 m
317-130243 m
317-130248 m
3171-68344 m
3171-7574 m
3172-166439 f
3179-7142 f
318-124164 f
3180-138043 m
3185-163505 m
3185-163507 m
3187-168497 m
3187-168500 m
319-134959 m
3192-4909 m
3192-4910 m
3192-4911 m
3196-151981 f
32-21634 f
3214-167602 m
3214-167606 m
3214-167607 m
3215-5758 f
322-124146 f
322-124147 f
3221-138045 m
3221-9174 m
3224-168198 f
3224-168204 f
323-126408 f
3230-137483 m
3238-134398 m
3240-131231 m
3240-131232 m
3242-67153 m
3242-8112 m
3244-10691 f
3244-174926 f
3245-62827 f
3257-169284 m
3257-169288 m
3258-169291 f
3259-158083 f
3261-154309 m
3268-59224 m
3268-59225 m
3271-169289 m
3272-167426 m
3274-163518 m
3274-167022 m
3274-167023 m
3285-121400 m
3285-121401 m
3288-7156 m
3288-7157 m
3289-171107 m
3289-171108 m
3289-171109 m
329-861 m
329-862 m
3294-167597 f
3307-145138 m
331-132019 m
331-135126 m
331-884 m
3314-135987 f
3314-138053 f
3314-159392 f
3318-185499 f
3319-171003 f
332-128985 m
3328-166436 m
3328-168626 m
3328-168638 m
3330-170956 f
3340-169293 m
3340-170982 m
335-125941 m
335-125943 m
335-125945 m
335-125951 m
3356-132542 f
3357-28375 f
336-125871 m
336-125874 m
336-125876 m
3368-170950 m
3368-170951 m
3368-170952 m
337-126286 f
3370-163384 m
3370-724 m
3370-756 m
3373-174981 m
3373-174983 m
3374-298025 m
3374-298026 m
3374-298032 m
3379-132592 f
3380-6175 f
3380-64298 f
3381-9921 m
3389-130127 m
3389-13247 m
3389-13248 m
3389-13250 m
339-132717 f
3394-7597 f
340-124368 m
3400-153975 f
3409-167622 f
3409-173540 f
3409-173567 f
3411-130135 f
3411-187007 f
3417-6522 m
3433-135988 m
3433-20043 m
3433-718 m
3436-172162 m
3436-172171 m
3446-176270 f
3448-5416 m
3448-5417 m
345-1119 m
345-1120 m
345-1129 m
3465-20021 f
3465-20022 f
3465-275761 f
3467-166570 f
3470-116548 m
3470-116549 m
3470-116550 m
348-128030 m
348-132611 m
348-132751 m
3482-170452 f
3482-170453 f
3483-115968 m
3483-119637 m
3483-174132 m
3486-166424 m
3486-166446 m
3488-65654 m
3488-85273 m
3490-177627 m
3490-177638 m
3490-177641 m
3493-46712 f
3500-134409 f
3503-127082 m
3503-127083 m
3513-163606 f
3513-163607 f
3513-7741 f
3521-12715 m
3521-175962 m
3521-7591 m
3526-175658 f
3526-176653 f
353-128309 m
3537-5704 f
3540-163612 m
3541-174236 m
3541-174240 m
3541-174244 m
3547-156969 m
3547-156970 m
3547-8363 m
3547-8365 m
3549-171171 f
3549-173591 f
3549-9203 f
3551-7887 f
3553-697 m
3553-734 m
3554-172175 f
3557-159359 f
3557-8341 f
3564-132498 f
3567-7276 m
3567-7277 m
3571-173553 m
3571-173554 m
3571-173555 m
3571-173556 m
3584-74477 f
3587-140711 m
3588-54099 f
359-128761 m
359-133630 m
3592-173545 m
3595-176633 m
3595-191322 m
3595-418 m
36-16602 m
36-16603 m
3606-164911 m
3606-6850 m
3607-135982 m
3607-29116 m
3618-175930 m
3618-175932 m
3618-178097 m
362-123013 f
362-123049 f
3641-134615 f
3641-6870 f
3647-134419 f
3647-180300 f
365-126320 m
365-126328 m
365-84333 m
365-84340 m
3650-168636 m
3650-168637 m
3650-168643 m
3650-168646 m
3654-171137 m
3654-171138 m
3654-171139 m
3656-168609 m
3656-168618 m
3656-168648 m
3657-182397 m
3657-19115 m
3657-78622 m
3664-11714 m
3664-178355 m
3664-178366 m
3665-8587 m
3665-8589 m
3675-185514 f
3679-159362 f
3681-111567 f
3681-116302 f
3686-171133 m
3686-171134 m
369-125882 m
369-125883 m
3691-178103 m
3691-178109 m
3691-178118 m
3699-175950 m
3699-19401 m
3699-19402 m
3699-47246 m
37-214 m
37-215 m
37-225 m
3703-71531 f
3703-71550 f
3717-178149 m
3717-21493 m
3717-21498 m
3723-171115 m
3723-171631 m
373-130974 f
373-130977 f
3733-140718 f
3738-176680 f
3738-176682 f
3738-176683 f
374-180298 m
374-180299 m
3744-177438 m
3744-178590 m
3744-178594 m
3747-173589 m
377-129290 m
377-129292 m
3779-691 f
3780-177782 m
3780-177784 m
3780-177788 m
3783-176659 m
3790-140725 f
3790-39761 f
3792-176660 m
3793-10683 m
3793-10684 m
3793-33942 m
3793-4707 m
3796-16815 m
3796-16816 m
3796-16817 m
3796-6400 m
3798-16980 f
3798-16984 f
38-121024 m
380-129064 f
380-129066 f
3807-4923 m
3807-4955 m
3816-11258 f
3819-134145 m
3819-134153 m
3825-134148 m
3825-134160 m
3830-12529 m
3830-12530 m
3830-12531 m
3830-12535 m
3835-178028 m
3835-178029 m
3835-178030 m
3843-176666 f
3845-181096 m
3845-8894 m
3845-8924 m
3848-28169 f
3851-9210 f
3852-175448 f
3857-180923 m
3857-182315 m
3857-182317 m
3864-185125 m
3864-185126 m
3866-173230 m
3866-9919 m
3866-9920 m
3867-173236 f
3867-173237 f
3869-699 m
3869-700 m
3871-692 m
3871-693 m
3885-1193 f
3885-1194 f
3889-9915 f
3894-6552 m
3894-6553 m
3895-6855 m
3896-134415 m
39-121914 f
39-121916 f
3906-23193 f
3909-11695 f
3909-7140 f
3912-3831 m
3912-77626 m
3912-82271 m
3914-10088 m
3914-10089 m
392-131210 f
3923-153309 m
3923-174992 m
3923-181420 m
3925-57460 f
3927-6556 m
3927-6557 m
3928-10094 f
3928-153301 f
3934-102413 f
3945-29110 m
3945-890 m
3955-181692 m
3955-38223 m
3959-706 m
3962-721 m
3962-722 m
3967-29012 f
3969-6872 f
3977-185457 m
3977-185466 m
3977-87547 m
3979-10701 f
398-123602 m
398-130093 m
3982-178459 f
3982-182255 f
3989-182389 m
3989-182394 m
3989-182402 m
3990-31892 f
40-222 f
4005-7258 f
4005-7262 f
4009-43903 f
4009-43916 f
4010-10798 m
4010-10801 m
4010-10822 m
4013-11734 m
4013-182396 m
4014-186175 m
4014-186176 m
4014-186179 m
4014-186183 m
4015-4878 m
4015-63496 m
4015-63729 m
4017-231846 m
4017-6540 m
4018-103416 m
4018-107312 m
4018-107338 m
4019-8895 m
4019-8899 m
4020-180289 m
4020-180307 m
4021-180238 f
403-126855 f
403-128339 f
403-216 f
4034-5706 f
4039-184264 m
4039-184265 m
4039-184266 m
404-132013 f
4042-12369 m
405-130894 m
405-130895 m
4051-10927 f
4051-11217 f
4051-11218 f
4054-11077 m
4057-11254 f
4057-12085 f
4057-183239 f
4059-3057 m
4059-3061 m
4059-3069 m
4059-3073 m
4063-12915 f
4064-19132 f
4071-39616 f
4071-39913 f
4078-7619 m
4078-76853 m
4085-11515 m
4085-11516 m
4085-11517 m
4088-158077 f
4088-158079 f
409-124990 m
4090-183977 f
4090-183984 f
4098-11546 f
4108-12546 m
4108-2772 m
4108-2777 m
4110-11528 m
4110-11535 m
4116-13256 f
4116-13265 f
412-126975 m
4122-11963 m
4122-157669 m
413-12292 m
413-22436 m
413-22437 m
4133-6541 m
4137-11701 f
4138-11079 f
4145-14013 f
4145-34497 f
4148-134149 m
4148-183988 m
4152-12926 m
4152-5710 m
4156-12159 f
4156-12351 f
4160-11549 f
4160-11550 f
4161-185349 m
4172-185480 m
4172-23246 m
4172-25907 m
4174-69287 f
4179-20567 m
4179-20593 m
4179-25937 m
4189-115680 f
4189-115685 f
4191-44438 m
4191-69032 m
4193-48169 m
4193-48170 m
4193-48173 m
4195-186236 f
4195-186237 f
4196-23901 m
4196-23924 m
4205-11977 m
421-124401 m
421-128336 m
4211-3820 f
4216-10192 f
4217-9052 m
4217-9955 m
4218-41146 m
4218-41157 m
4218-41159 m
4226-12707 m
4226-185488 m
4234-187735 f
4234-187750 f
4236-8927 m
4238-12538 f
4238-12895 f
4243-14929 m
4243-187023 m
4243-187024 m
4246-12544 m
4246-12545 m
4257-6397 m
426-122819 f
426-122822 f
4262-14487 f
4263-14180 f
4263-16187 f
4263-16194 f
4267-72637 m
4267-78186 m
4273-188164 f
4277-185517 m
4277-185519 m
4278-13269 m
4278-13270 m
4278-187018 m
428-125877 m
428-125878 m
428-125879 m
4290-14526 m
4290-7622 m
4295-112687 m
4295-39940 m
4305-15448 f
4313-16007 f
432-122745 m
432-122761 m
432-122774 m
4321-27565 f
4321-27567 f
4327-9916 f
4327-9959 f
4335-15081 m
4335-15082 m
434-132650 f
4340-15220 f
4344-22232 m
4344-53906 m
4344-8892 m
4345-7636 m
4352-10940 f
4352-893 f
4356-6498 f
4358-20034 m
4358-44937 m
4363-14936 f
4379-18039 m
4379-18040 m
4379-190740 m
4381-14897 f
4381-14904 f
439-122809 m
439-122810 m
439-123866 m
4396-33397 f
4397-15666 m
4397-15668 m
4397-15678 m
44-201 f
4402-3066 m
4402-3067 m
4402-3068 m
4406-16882 m
4406-16883 m
4407-13132 m
4407-13145 m
4407-13146 m
441-128982 f
4411-14494 f
4423-16011 m
4423-16012 m
4423-29083 m
4423-29084 m
4425-14497 m
4427-12471 f
4427-20023 f
4427-20028 f
4428-6523 m
4433-16802 m
4434-73957 f
4438-48513 m
4438-48525 m
4438-52195 m
444-138076 f
444-139735 f
4441-76250 m
4441-76262 m
4441-76263 m
4442-2868 m
4443-11591 f
4443-24511 f
4447-14912 m
4447-14919 m
4447-14931 m
445-123857 m
445-123860 m
4455-90866 f
446-123501 m
4474-14185 m
448-135065 f
4480-8371 m
4481-17498 f
4481-17499 f
4484-34489 m
4484-37119 m
4484-75922 m
4490-16003 f
4490-16020 f
4492-8907 f
4495-10160 m
4495-18533 m
451-126826 f
4513-16024 f
4519-80189 f
4520-1805 f
453-129306 m
453-129308 m
453-131332 m
453-3040 m
4535-279849 m
4535-279856 m
454-134728 m
4545-9166 m
4546-16781 f
4546-16812 f
4546-16813 f
4549-39615 f
4549-39620 f
4563-26445 f
4576-66268 f
4576-66274 f
458-126290 m
458-126294 m
458-126305 m
4583-16043 m
4583-16044 m
4583-17998 m
4586-19665 m
4586-61758 m
4586-61776 m
4586-96498 m
459-123443 m
459-127521 m
459-127522 m
4590-18004 m
4590-18005 m
4590-18006 m
4591-14356 m
4591-16221 m
4592-22179 f
4592-26872 f
4594-901 m
4594-902 m
4595-45204 m
4595-45217 m
4595-45218 m
4598-6176 f
4599-21274 m
46-127996 m
46-128001 m
460-172357 m
460-172359 m
4629-19366 m
464-126794 m
464-126832 m
4640-19188 f
4659-12464 m
4659-12465 m
4659-26488 m
4659-26489 m
4660-25046 f
4660-25053 f
4667-92224 f
4680-16026 f
4680-16041 f
4681-13056 m
4687-28005 m
4687-43337 m
4693-17503 m
4693-17508 m
4693-28003 m
4697-100165 f
4697-92179 f
4699-12472 m
470-123366 m
470-127690 m
470-132610 m
4701-15046 m
4701-15273 m
4703-59231 f
4703-73029 f
4705-16048 m
4705-94462 m
4705-94467 m
4705-94473 m
4706-18009 f
4706-28494 f
4706-28495 f
4710-17347 m
4710-24606 m
4710-24607 m
4710-964 m
4712-60531 f
4712-93896 f
4719-25765 m
4719-25766 m
472-129994 f
472-130755 f
4731-95870 f
4734-220951 m
4734-220952 m
4738-291957 m
4738-58078 m
474-134809 m
474-141422 m
474-141425 m
4741-27757 m
4742-41609 f
4742-74181 f
4744-31668 f
4744-83616 f
4748-25901 m
475-124994 m
475-124999 m
475-125001 m
475-125002 m
4750-12478 m
4750-26486 m
4750-26487 m
476-133471 m
476-134312 m
4767-66411 m
4771-29403 m
4771-29406 m
4771-6409 m
4773-25910 f
4788-294466 m
4788-91208 m
4788-94904 m
479-107479 f
479-107480 f
479-134717 f
4799-25949 m
4799-25950 m
480-123176 m
480-126292 m
480-126336 m
480-127525 m
4800-73728 f
4806-26894 m
4806-26895 m
4807-26853 f
481-123719 m
481-123720 m
4813-248638 m
4813-248641 m
4821-27466 m
4824-36027 f
483-125116 f
483-125126 f
4830-25898 m
4830-25904 m
4836-26485 m
4839-15307 f
4841-26660 f
4848-101836 m
4848-28247 m
4848-29108 m
4853-27671 f
4853-29413 f
4854-24731 m
4854-24732 m
4856-12103 m
4856-20410 m
4859-22176 m
4859-26870 m
4859-29340 m
4860-13185 m
4863-24734 m
4863-258982 m
4863-258985 m
4863-32138 m
487-129440 m
4872-20425 m
4872-20426 m
489-128340 f
489-75909 f
4894-7788 m
4898-20016 m
4898-28461 m
4899-32637 f
4899-32658 f
49-121052 m
4910-14125 f
4915-113765 m
4915-245690 m
492-131882 m
492-131887 m
492-131890 m
492-131899 m
4930-20046 m
4930-20048 m
4931-28242 m
4931-28257 m
4936-65528 f
4945-29090 m
4945-29091 m
4945-29092 m
4948-28002 m
4948-28016 m
4955-28244 m
4955-28245 m
4958-11613 m
4965-27767 f
4967-26520 f
4967-28868 f
4969-58757 m
4969-73974 m
4969-73975 m
497-125118 m
497-129325 m
4973-24514 m
4973-24515 m
4973-24516 m
4973-44575 m
4979-26551 m
4979-26563 m
4991-6180 f
4993-40688 m
500-125123 m
5002-70998 m
5002-72876 m
5007-31603 f
5009-29142 m
5009-29143 m
501-125127 m
501-125128 m
5012-31097 f
5012-80192 f
5013-31085 m
5013-31099 m
5013-31101 m
5019-44339 f
5022-29405 f
5023-1185 f
5023-33395 f
5029-80197 f
5036-18450 f
5036-18451 f
5038-15789 m
5038-31917 m
5038-34576 m
5038-56723 m
5043-28396 m
5043-28401 m
5043-28402 m
5044-30592 f
5044-30602 f
5049-25947 m
505-125258 m
505-125272 m
505-125274 m
5054-1187 f
5054-18527 f
5060-15563 f
5062-294700 f
5076-284283 m
5076-287393 m
5076-61727 m
5077-38105 f
5082-16015 f
5082-34543 f
5092-28462 m
5092-28465 m
5093-39749 f
51-121055 m
510-130101 m
510-130103 m
510-130560 m
5101-67853 f
5104-33406 m
5104-33407 m
511-131226 m
511-131228 m
5115-26947 f
5118-111610 m
5118-111612 m
5118-40456 m
512-124520 m
512-124549 m
5123-29120 m
5123-34572 m
5126-27504 m
5126-34483 m
5126-36956 m
5132-26564 m
5132-28304 m
5132-33409 m
5132-33410 m
5133-30591 f
5133-80690 f
5136-53512 f
5139-30106 f
5139-61422 f
5141-26932 m
5141-26943 m
5141-26995 m
5147-32135 m
5147-32136 m
5147-32137 m
5152-29465 m
5152-81825 m
5152-81827 m
5154-26558 f
5157-47237 m
5157-47238 m
5157-47239 m
5164-19197 f
5164-19211 f
5164-26960 f
517-121739 m
517-121740 m
517-121744 m
5172-29468 m
5181-2488 m
5181-2489 m
5183-29124 m
5183-66175 m
5183-68763 m
5185-24763 m
5185-24767 m
5185-24770 m
5185-24772 m
5186-7793 m
5189-37999 m
5189-56574 m
5189-59288 m
5190-87766 m
5190-87791 m
5192-19396 m
5192-19397 m
5198-204974 m
5198-204975 m
52-121057 f
52-123202 f
5206-19376 m
5220-69517 f
5224-35439 m
5224-35453 m
5224-35456 m
5230-4863 f
5230-4879 f
5233-28390 f
5233-39051 f
5239-31629 m
5239-32139 m
5242-35926 m
5244-54280 f
5245-3984 m
5246-30101 m
5246-5084 m
5248-2163 m
5248-24760 m
5248-34499 m
5248-34500 m
525-126965 f
5252-4860 m
5252-4868 m
5252-4876 m
5261-19371 m
5261-19373 m
5269-26555 f
5271-10982 f
5271-34506 f
5278-3072 m
5278-40890 m
5278-40897 m
5280-204996 m
5280-204997 m
5287-39165 f
5293-82020 m
5296-26679 f
5299-34547 f
5304-109507 m
5304-55856 m
5319-42637 m
5319-64075 m
5319-84357 m
5321-53046 m
5322-7678 m
5322-7680 m
5325-36587 m
5325-50109 m
5328-204986 m
5333-37092 m
5333-5097 m
5339-14133 f
534-123059 f
5340-8682 f
5340-8685 f
5350-205002 f
5375-40162 f
5375-40169 f
5379-15784 m
5379-44344 m
5386-28384 m
5386-4145 m
5386-8684 m
5389-41911 m
5389-4861 m
5390-24512 m
5390-30096 m
5390-30102 m
5401-102526 m
5401-39508 m
5405-121045 f
5405-19212 f
5405-19220 f
542-125348 m
542-125349 m
542-125351 m
5424-280358 f
5424-291111 f
5429-210770 m
543-133211 m
543-133212 m
543-133217 m
543-137106 m
5439-31625 f
544-121090 m
5448-19208 m
5448-19209 m
5456-24741 m
5456-58161 m
5456-62014 m
5456-62043 m
5459-41260 m
5460-18031 m
5460-24509 m
5463-39173 m
5463-39174 m
5471-280362 f
548-126961 m
5480-41606 f
5480-41791 f
5489-10988 f
55-121068 m
55-121069 m
5506-69895 m
5506-69896 m
551-129024 m
551-132996 m
5513-39476 m
5513-39477 m
5514-19193 f
5519-39478 m
5519-39481 m
5538-224746 f
5545-52072 m
5545-66398 m
5545-66419 m
5561-41616 f
5565-40589 m
5567-22441 m
5567-22447 m
557-129796 m
557-129797 m
5570-73848 f
5588-39648 f
5588-68192 f
559-126296 m
559-289453 m
56-1731 f
56-1732 f
5604-26987 f
5606-54666 f
561-126312 m
5620-40466 m
5620-40469 m
5620-40470 m
5620-40471 m
5622-44585 f
5622-44586 f
5628-22450 m
5628-47230 m
5628-47240 m
5628-47241 m
5635-44582 m
5635-53458 m
5635-58137 m
5636-41792 f
5636-41795 f
5636-57477 f
5637-41166 m
5637-41170 m
5641-32124 m
5641-39772 m
5649-40561 f
5653-46179 f
5656-44576 m
5656-44577 m
5660-101883 f
5665-38051 f
5665-38052 f
567-127934 m
5671-50453 f
5671-50486 f
5672-75791 m
5672-88363 m
5672-88367 m
5678-43301 m
5678-43302 m
5678-43303 m
568-126446 m
568-126452 m
568-127952 m
5682-32875 f
5682-32876 f
5682-32877 f
5688-41232 f
569-126489 m
5700-44605 m
5700-51744 m
5700-51758 m
5703-47198 m
5703-47212 m
5717-100145 m
5717-61421 m
5717-94876 m
5719-233352 m
5719-233361 m
5719-41217 m
572-126495 m
572-128861 m
572-96582 m
5720-48302 f
5723-43306 f
5725-48803 f
5725-50452 f
5727-47030 m
5727-47032 m
5740-39910 f
5740-97610 f
5746-48361 m
5746-48362 m
5750-100289 m
5750-35690 m
5756-305216 f
5765-231844 m
5765-231845 m
5765-87740 m
5767-48579 m
5772-43315 m
5772-43316 m
5772-43330 m
5772-43331 m
5776-46889 m
5781-52134 m
5781-52135 m
5781-52137 m
5784-36627 m
5784-61948 m
5784-61949 m
5791-31920 m
5791-31921 m
5796-49593 f
5796-51153 f
5796-66357 f
58-121075 m
58-121081 m
580-126945 m
580-126947 m
5802-66347 m
5802-76043 m
5802-76044 m
5808-48608 m
5808-54425 m
5809-58763 f
581-126955 m
581-126957 m
5810-8674 m
5810-8689 m
5825-53035 f
5826-48845 m
5826-53496 m
5826-53497 m
583-139009 m
5831-87174 f
5831-98684 f
5831-98689 f
584-124227 f
584-124229 f
584-132032 f
5840-54188 m
5854-287849 m
5854-50960 m
5860-72190 f
5868-54659 m
5868-55088 m
5868-66166 m
587-41611 f
5874-52159 m
5874-52160 m
5876-8675 f
5886-27508 m
589-146346 f
5890-72188 f
5894-64095 m
5894-64098 m
5894-64100 m
5909-107621 m
5909-111961 m
5909-287837 m
5910-53048 m
5910-53143 m
5911-48574 m
5911-52164 m
5913-40745 m
5914-52087 m
5918-46890 m
593-126928 m
593-126932 m
5933-104482 m
5933-73033 m
5933-91994 m
5935-43305 m
5935-43322 m
5935-55927 m
594-127731 m
594-127732 m
594-128329 m
5940-54016 m
5940-54613 m
5949-65529 f
5949-65530 f
5951-233090 m
5951-57347 m
5951-57348 m
5952-50948 f
5952-54019 f
596-127685 f
596-139612 f
5968-55202 f
5968-61356 f
5968-71320 f
597-127694 f
5970-54413 m
5970-54428 m
5975-54006 m
5977-46900 m
5979-42000 m
5979-42001 m
5979-42002 m
5979-42005 m
598-127704 f
5980-22680 f
5983-39652 f
5983-39669 f
5984-56837 f
5985-300208 m
5985-300225 m
5985-63885 m
5993-19639 m
5993-19685 m
5993-36961 m
60-121082 m
6003-58761 m
6006-60489 f
6009-57639 m
6009-57643 m
6009-57646 m
6010-56787 m
6010-56788 m
6014-32886 f
6014-32904 f
6019-3185 m
6025-58760 f
6030-57827 f
6035-58142 m
6035-74040 m
6035-80463 m
6037-59234 m
6037-59239 m
6051-54419 m
6051-54421 m
6051-61724 m
6054-41614 f
606-121661 m
606-127691 m
606-130296 m
6060-58090 m
6064-56168 f
6065-109178 m
6065-111797 m
6072-54656 f
6072-67782 f
6072-89736 f
6075-57154 m
6075-57156 m
6076-51653 m
6076-51654 m
6076-51655 m
6077-56146 m
6077-58755 m
6077-58756 m
608-123155 f
6080-233342 m
6080-58012 m
6080-58025 m
6081-41997 m
6081-41998 m
6081-42010 m
6082-56174 f
6084-2159 m
6087-50469 f
6087-63225 f
6097-293616 m
6097-293619 m
6097-293621 m
6098-57836 m
6098-57837 m
6102-56170 f
6102-56178 f
6104-58843 f
6106-58196 f
6111-59777 f
6111-59791 f
6115-58433 m
6115-58776 m
6115-58778 m
6119-48032 m
612-121766 f
6126-10992 m
613-121900 m
613-128284 m
613-132862 m
6131-57188 f
6138-93182 f
6138-93186 f
6139-58868 f
6147-34606 f
6153-62534 f
6157-40556 m
6159-39642 m
6159-50456 m
6159-58440 m
6167-73972 f
6173-76445 f
6173-94652 f
6177-22698 m
6177-57662 m
6177-75790 m
6181-216552 m
6184-57832 m
6184-57833 m
6184-61313 m
6189-21305 f
6196-41030 m
6199-48196 m
6199-64259 m
6199-80041 m
62-121084 m
6206-14958 f
6206-14960 f
6209-34599 m
6209-34600 m
6209-34601 m
6211-60544 f
6211-62844 f
6211-66279 f
6215-62347 f
622-121659 m
622-128448 m
622-128666 m
6221-6879 m
6224-34608 m
6224-61957 m
6224-61958 m
6227-60173 f
6232-36628 m
6233-61741 f
6235-36641 f
6236-52083 m
6242-26941 f
6248-298838 m
6248-302581 m
6248-91255 m
6249-102849 m
6249-290631 m
625-132112 m
625-132118 m
6251-93270 f
6254-61739 f
6258-49755 m
6269-66176 m
6269-66184 m
6269-66185 m
6272-70168 f
6272-70171 f
6276-62021 m
6276-76103 m
6286-69422 f
6286-75355 f
6288-63111 f
6294-85684 m
6294-86679 m
6300-39660 f
6308-68359 f
6311-63718 m
6311-63719 m
6317-54487 f
6323-10337 m
6330-62850 m
6330-62851 m
6330-66016 m
6333-39671 m
6333-39676 m
6333-39678 m
6339-65534 f
6339-65554 f
6346-60781 m
6346-60784 m
6351-64714 f
6351-65787 f
6353-63255 f
6356-271889 m
6356-271890 m
6358-73329 f
6359-64713 f
6364-65388 m
6364-65393 m
6364-66741 m
6367-65536 m
6367-74004 m
6368-230929 m
6368-39664 m
637-127579 m
637-127595 m
637-127597 m
6370-92920 m
6371-63713 f
6373-65772 f
6377-34619 m
6377-34630 m
6377-34634 m
6378-61781 f
6385-34655 f
6385-34669 f
639-124526 m
639-143022 m
6395-84349 m
6395-86708 m
6395-87997 m
6399-278844 m
6399-278846 m
6399-278847 m
6399-278849 m
64-73712 f
64-76974 f
6402-102886 m
6402-105212 m
6402-105213 m
6402-62813 m
6406-89940 f
6407-66983 m
6407-66985 m
6411-58876 f
6418-39653 m
6418-39654 m
6418-39655 m
6418-39656 m
6426-64290 f
6426-64291 f
6436-104980 m
6436-111962 m
6436-111963 m
6437-66172 m
6437-66173 m
644-162690 m
644-162691 m
644-163239 m
6446-40544 m
6446-40571 m
6446-57416 m
6446-78193 m
6454-107462 m
6454-120342 m
6454-93938 m
6458-232057 m
6458-61323 m
6459-70120 m
6459-70128 m
6459-77766 m
6476-57446 f
6476-96661 f
6482-289558 m
6482-77509 m
6482-98857 m
6482-98864 m
6488-66121 f
6492-68353 m
6492-68369 m
6494-60774 m
6494-60800 m
6494-60801 m
6497-234067 m
6497-234100 m
6497-234106 m
6499-57667 m
6499-91098 m
65-122444 f
6505-231836 f
6505-231837 f
6506-10073 m
6506-73020 m
6509-67147 f
6510-62516 m
6510-62558 m
6512-67886 m
6512-72577 m
6513-67788 f
6513-71944 f
6513-71946 f
6518-66465 f
6518-66470 f
6519-69411 f
6529-62554 m
6531-61334 f
6533-399 m
6534-64470 f
6535-114962 m
6535-66371 m
6538-81843 m
6538-81858 m
6538-81859 m
6539-66391 m
6539-66420 m
6539-66421 m
6540-232291 m
6540-62512 m
6550-53343 m
6550-65820 m
6553-82558 m
6553-86683 m
6555-397 m
6555-398 m
6563-285357 m
6563-63821 m
6568-68352 f
6574-120583 m
6574-70753 m
6574-70756 m
6575-67584 m
6575-67592 m
6583-48224 f
6583-66269 f
6590-64282 f
6590-64285 f
6594-68896 f
66-354 m
66-355 m
6609-111351 m
6609-111356 m
6609-111359 m
6614-67847 f
6625-39674 m
6625-60547 m
6625-70995 m
6625-73085 m
6627-67850 f
663-128990 m
663-128991 m
6636-72296 m
6636-74078 m
6636-74110 m
6636-74113 m
664-129011 f
6641-64718 f
6643-67851 f
6643-67857 f
6643-67858 f
6652-70974 m
6652-70975 m
666-11243 f
6660-103647 f
6668-34612 m
6668-34648 m
667-107247 f
667-158816 f
6670-112764 m
6670-296083 m
6670-84209 m
6673-72311 f
6674-71396 m
6674-71397 m
6674-71400 m
6676-275138 f
6676-71414 f
6683-63841 f
6683-67218 f
6685-70976 m
6685-70977 m
6686-216563 m
6687-119383 m
6687-119384 m
6687-119386 m
6690-73073 m
6690-73075 m
6694-70837 m
6695-252325 f
6695-252334 f
6696-68773 f
6701-71401 m
6701-71402 m
6701-71404 m
6707-73028 m
6707-77346 m
6707-77351 m
6709-74022 m
6709-74041 m
6709-80475 m
6709-81688 m
671-131030 m
671-131040 m
6713-56749 m
6724-73990 f
6724-73991 f
6726-56640 f
6726-93466 f
6727-10344 m
6733-59185 f
6733-74807 f
6733-97084 f
6741-253270 f
6743-72306 m
6746-72302 m
6747-76101 m
6749-53254 f
6749-74575 f
6749-76160 f
6752-74795 m
6752-74796 m
6753-76097 m
6753-76098 m
6753-76099 m
6754-107482 m
6754-107484 m
6754-107485 m
6754-283198 m
6758-72288 f
6763-74797 f
6777-76694 m
6777-76701 m
6784-76150 m
6784-76151 m
6784-76152 m
6788-92420 f
679-155529 m
6792-73035 m
6792-73039 m
6798-77736 m
6798-77737 m
6798-77739 m
6798-77740 m
6804-79287 m
6804-79288 m
6807-106437 f
681-152975 f
681-166575 f
6821-74179 f
6821-74180 f
6828-64738 f
6836-61803 m
6836-61804 m
6836-76549 m
684-131458 f
684-141263 f
6846-76681 m
6848-252323 m
6848-76049 m
6849-69603 m
6853-12339 f
6865-95959 f
6875-76999 m
6877-77361 m
6877-79973 m
688-1070 f
688-15446 f
6880-216547 m
6882-79969 m
6882-79975 m
6882-86794 m
6883-66623 m
6883-79964 m
6892-256224 m
6892-256226 m
6892-278268 m
690-134308 f
6904-262305 f
6906-65918 f
6906-65919 f
6912-70845 m
6912-70847 m
6914-284528 f
6918-47541 f
6918-61317 f
6923-82334 m
6923-82335 m
6923-82337 m
6924-114452 f
6924-291608 f
6924-291609 f
6925-80680 m
6927-86043 f
6927-86045 f
6927-87732 f
6943-85168 f
6943-85172 f
6945-60535 m
6947-53261 f
6950-86713 f
6950-86822 f
6950-86823 f
6951-79737 f
6954-76168 m
6954-76579 m
6956-76046 m
6956-81870 m
696-93314 f
6962-47545 m
6963-81511 m
6965-277898 m
6965-277899 m
6965-291718 m
6974-258420 m
6978-86037 f
6978-92210 f
6978-92936 f
698-122876 f
698-123197 f
6981-70843 m
699-132866 f
6993-83606 m
6993-83607 m
70-121127 m
70-121130 m
7000-83696 m
7000-83706 m
7000-83708 m
7001-12337 f
7008-34652 m
7008-34667 m
7009-2331 m
7009-83683 m
7011-66622 m
7012-81370 f
7026-86941 f
7026-86946 f
7030-64588 m
7046-80695 m
7046-83701 m
7046-85651 m
705-157959 f
705-167610 f
7051-259009 m
7055-85634 m
7055-87276 m
7061-85635 m
7061-85640 m
7061-88086 m
7062-75816 f
7065-74573 m
7065-74597 m
7065-74598 m
7067-76048 m
7069-246889 m
7069-246892 m
7069-246893 m
7069-246904 m
707-138866 m
707-161166 m
7073-114963 f
7079-2343 f
7079-89644 f
708-129393 m
7085-2327 m
7085-75807 m
7085-75810 m
7090-91801 m
7092-56730 f
7095-88484 m
7095-88489 m
7096-80685 m
7097-73688 f
7097-80037 f
7107-245689 m
711-187464 m
711-187466 m
7117-86732 f
712-123606 m
712-123615 m
7120-118112 f
7121-86787 m
7121-88076 m
7125-87278 f
7126-59167 m
7126-59175 m
7128-84121 m
7128-84122 m
713-115881 f
7131-75934 f
7131-92917 f
7134-67200 m
7134-67233 m
7135-2346 f
7135-80033 f
7138-291944 f
7138-291964 f
7139-75360 m
7139-75362 m
7139-88748 m
7140-72212 f
7143-88743 f
7147-80028 m
7148-7763 f
7148-82991 f
7150-111618 m
7150-118730 m
7150-118731 m
7155-10644 m
7155-249840 m
716-129581 m
716-129582 m
716-129583 m
7169-89735 m
7170-281510 m
7170-281512 m
7170-291969 m
7177-120275 f
7177-258965 f
7177-258977 f
7178-34645 f
718-129594 m
718-129596 m
7188-104637 m
7188-107627 m
7188-82904 m
7189-74189 m
7189-75356 m
7189-77777 m
7190-90542 m
7190-90543 m
7197-66277 f
7198-80652 f
7199-84006 f
720-173578 m
720-173579 m
720-173580 m
720-173582 m
7205-64110 f
7208-7768 m
7208-7772 m
7215-91628 m
7215-91630 m
7218-80699 f
7220-77911 f
7223-92822 f
7226-86964 m
7226-86965 m
7228-98202 m
7228-98227 m
7228-98238 m
7229-80656 f
7238-107675 m
7238-91112 m
7239-63500 m
724-123283 m
724-123284 m
724-123285 m
7240-92200 f
7241-90850 m
7241-90852 m
7242-275146 f
7245-104886 f
7245-104890 f
7247-101864 m
7247-77778 m
7247-94108 m
7255-281336 f
7258-91902 m
7258-91905 m
7258-91906 m
726-124445 m
7264-92310 m
7264-92314 m
7264-92316 m
727-124443 m
7277-105388 f
7277-106407 f
7278-104730 m
7278-246956 m
728-348 m
7285-72207 f
7286-92930 f
7297-275885 f
7299-88365 f
730-360 f
7301-92166 m
7307-276146 m
7307-91998 m
7307-92008 m
7313-91072 m
7314-77782 m
7314-93276 m
7314-93277 m
7315-104382 f
7315-86809 f
7320-93280 f
7326-245693 m
7327-93283 m
7327-93289 m
7327-96491 m
7327-96492 m
7331-86047 f
7333-94827 f
7335-290365 f
7337-89742 f
7338-81521 m
7338-92139 m
7338-92154 m
7338-92174 m
7339-86765 m
7339-86804 m
7346-91900 m
7354-87667 m
7354-87676 m
7357-94126 m
7357-94127 m
7360-86712 f
7360-86776 f
7367-86737 m
737-123441 m
737-123448 m
7376-92940 f
7383-95441 f
7384-84010 f
7389-175357 m
7389-292563 m
7389-295014 m
7389-296084 m
7391-60445 m
7392-105664 f
7392-105672 f
7395-89880 f
7402-59171 m
7402-90848 m
7408-255932 m
7408-255943 m
7408-256039 m
742-128033 m
742-128034 m
7423-89164 m
7424-98598 m
7424-98608 m
7424-98623 m
7433-89646 f
7434-96672 f
7436-97461 m
7436-97462 m
7436-97467 m
7437-117899 m
7437-96153 m
7437-96157 m
7437-99249 m
7445-94522 f
7445-94523 f
7445-94526 f
7447-91186 m
7447-91187 m
7448-111703 m
7460-104483 m
7463-96494 m
7463-99909 m
7463-99912 m
7467-261121 f
7475-232691 m
7478-98644 m
7478-98645 m
7484-39971 m
7495-252342 f
7498-99156 f
75-853 m
75-854 m
7502-100425 m
7502-100426 m
7502-100439 m
7502-100440 m
7505-258958 m
7505-258964 m
7505-83618 m
7507-100463 f
7507-100660 f
7511-102419 f
7512-98636 m
7514-96429 f
7517-100429 f
7518-86741 m
7520-258954 m
7520-258986 m
7525-101265 f
753-150477 m
753-166209 m
753-32846 m
7538-100044 m
7538-100045 m
7540-101258 m
7540-101262 m
7540-101799 m
7552-87290 f
7553-101278 m
7553-101289 m
7556-103535 m
7556-93308 m
7558-89894 m
7559-96246 m
7559-96247 m
7561-258992 m
7561-258994 m
7565-101281 m
7565-101287 m
7569-102232 m
7569-102240 m
7584-101856 f
7584-101882 f
7584-266228 f
7585-96245 m
7594-101832 f
7594-91192 f
7597-101858 f
7597-101859 f
7597-101877 f
7603-274560 m
7607-89899 f
7608-115034 m
7609-39979 f
7618-102366 m
7618-102367 m
7618-102372 m
764-132272 m
764-132280 m
7640-102465 m
7640-104647 m
7640-111784 m
7647-102250 m
7649-96682 f
7649-99140 f
7654-258963 m
766-127193 m
766-127195 m
7665-104978 m
7665-104979 m
7672-108627 m
7672-96507 m
7672-96509 m
7679-113325 f
7679-276767 f
7679-276769 f
7688-105390 m
7688-109656 m
7688-112187 m
7691-108625 m
7691-293948 m
77-121526 f
770-131704 m
770-134592 m
770-43321 m
7700-92919 m
7702-292568 f
7702-96101 f
7704-106965 m
7704-106969 m
7704-106974 m
7705-101578 m
7705-101579 m
7705-101580 m
7708-293973 f
7713-106729 m
7713-106733 m
7713-106738 m
7720-105167 m
7720-105168 m
7730-304534 f
7730-304541 f
7732-107517 m
7732-107520 m
7739-107483 f
7739-8592 f
7746-104992 m
7746-104993 m
7749-8591 m
7752-110522 f
7752-110526 f
7754-105383 f
7754-108640 f
7756-84187 f
7762-280917 f
7764-106805 m
7766-109658 f
7769-99395 m
7769-99396 m
7769-99397 m
7777-106366 m
7777-106367 m
778-126734 m
7780-274562 f
7783-107486 f
7786-115688 m
7786-118675 m
7786-118693 m
7789-103120 f
779-123708 m
779-123709 m
779-126735 m
7794-295947 f
7794-295948 f
7794-295955 f
7795-105407 m
7796-269898 m
7796-269904 m
7796-269934 m
7796-269970 m
78-368 m
78-369 m
780-126736 m
7800-283478 f
7800-283492 f
7802-104394 f
7802-104398 f
7809-108638 m
781-127518 m
7816-108620 f
782-126738 f
7823-103122 m
7825-258970 m
7825-258978 m
7826-107634 m
7826-271808 m
7826-284518 m
7828-105171 m
7828-105179 m
783-126739 f
7832-114468 m
7832-258250 m
7833-102238 m
7833-102239 m
7835-97730 m
7837-109173 m
7837-109174 m
7839-109880 f
7839-110063 f
7843-110055 f
7848-275129 m
7848-275149 m
7848-275169 m
7859-102518 f
7867-110742 m
7867-275218 m
7868-110706 f
7868-246932 f
7871-107222 m
7871-107223 m
7871-107225 m
7874-110243 m
7881-105574 m
7881-109662 m
7881-110131 m
7883-113274 f
7886-110518 f
7886-110519 f
789-153215 f
7892-294520 f
7898-273041 f
79-121541 f
7909-106369 m
7909-106370 m
791-127519 m
7910-294690 f
7910-80534 f
7912-105669 m
7912-105670 m
7923-111564 m
7923-111569 m
7923-111572 m
7923-258989 m
7925-111766 f
7926-254948 m
7926-254949 m
7933-113272 f
7938-109179 m
7938-109180 m
7938-110127 m
7938-110128 m
7939-120318 m
7939-120325 m
7939-120330 m
7942-283384 m
7942-283400 m
7942-292240 m
7946-111913 f
7949-39970 m
7956-245687 m
7957-39967 m
7959-109176 f
7962-110061 f
7967-104986 f
797-127182 m
797-127183 m
7981-112056 m
7981-112057 m
7981-112058 m
7981-112061 m
7982-110054 f
7982-245691 f
7988-113322 m
7988-114070 m
7991-102381 m
7994-258959 f
7995-276907 f
7995-276908 f
7995-280250 f
7997-111638 m
7997-111777 m
7997-275179 m
8005-113329 f
8005-113331 f
8006-112592 m
8008-271812 m
8008-271817 m
8009-282531 f
8009-292146 f
8011-111754 m
8011-117866 m
8011-280922 m
8011-291458 m
8012-273138 f
8023-286247 m
8023-286250 m
8023-286253 m
8028-233382 m
803-139743 m
803-139752 m
803-139753 m
8033-104515 m
8033-283463 m
8033-284028 m
8033-284029 m
8042-113762 m
8042-113769 m
8042-245695 m
8044-84190 f
8044-84200 f
8050-110238 m
8051-119902 f
8058-99402 m
8058-99403 m
806-123715 m
806-124221 m
8063-274112 m
8063-274115 m
8063-274116 m
8063-274117 m
8066-114256 m
8066-290047 m
8066-290901 m
807-124223 m
8071-114975 f
8072-284670 f
8075-279229 f
8075-279233 f
8075-279239 f
8087-118165 m
8087-118174 m
8087-118180 m
8087-118726 m
8088-284756 m
8095-274345 m
8095-274346 m
8095-274348 m
8097-114971 f
8098-275181 m
8098-278252 m
8098-278278 m
81-121543 m
810-130095 m
810-130096 m
8108-274318 m
8108-280354 m
8108-280359 m
8112-281876 f
8113-117384 f
8118-268287 f
8119-115686 m
8119-115687 m
8123-275209 f
8138-287657 m
8138-293529 m
8138-293531 m
8142-110520 m
8142-276732 m
8142-3966 m
8142-3967 m
8143-278206 m
8143-278223 m
8148-286229 f
8148-3956 f
815-130105 m
815-130569 m
8152-258974 m
8152-258993 m
8152-282985 m
8156-276902 f
816-2301 m
816-53638 m
8164-279593 m
8168-116789 f
8169-118200 m
8172-281511 m
8172-281514 m
8172-281515 m
8172-281518 m
8176-115046 m
8176-115047 m
8183-118119 f
8190-284434 f
8193-116804 f
8193-116805 f
8194-89390 f
8195-117382 m
8197-278199 f
8199-118869 f
8199-284020 f
8199-289915 f
82-121544 f
820-123133 m
820-123135 m
8200-278197 m
8200-278238 m
8208-256238 m
8208-256239 m
8215-117570 m
8215-275203 m
8215-275211 m
8222-274378 m
8222-274379 m
8222-274380 m
8225-274374 m
8225-274375 m
8225-274376 m
8226-274369 m
8226-274371 m
8240-283234 f
8245-274392 m
8245-274393 m
8245-283126 m
8246-107993 m
8250-279777 m
8250-286289 m
826-131108 m
826-131124 m
8262-279161 m
8266-258262 m
8266-258263 m
8266-279363 m
8273-114823 m
8273-283127 m
8273-283130 m
829-123190 f
829-123191 f
8291-276745 m
8291-282929 m
8295-281339 f
8295-296107 f
8296-279865 f
83-9960 f
8300-275127 f
8300-275128 f
8302-281331 f
8302-282524 f
8307-120456 m
8307-120457 m
8307-120458 m
831-130739 m
831-130746 m
8316-279798 m
8322-276748 m
8324-286683 f
8328-280925 m
8329-279775 f
8334-119398 m
8337-280361 f
8337-283569 f
8346-244445 m
8346-244446 m
8347-282412 m
835-130876 m
8356-240982 m
8356-284520 m
836-130900 m
836-131106 m
8367-279366 m
8367-279367 m
8382-294774 f
8388-275212 f
8388-278289 f
8389-120181 m
8389-282920 m
8394-96177 m
8396-120277 m
8396-120280 m
8396-120281 m
8396-120282 m
8396-240992 m
8401-280380 m
8404-282926 f
8413-284515 m
8413-284521 m
8414-284675 f
8415-283469 f
8419-286667 m
8419-286676 m
8419-293469 m
8419-293473 m
8422-283572 m
8424-281334 f
8424-284526 f
8425-246962 m
8425-287387 m
8425-291444 m
8425-292520 m
8430-172387 f
8432-16000 f
8432-54083 f
844-133692 f
8441-284014 f
8443-294707 f
8444-281329 m
8444-283136 m
8445-281202 m
8445-281203 m
8447-285242 f
8447-286257 f
845-130982 m
8459-285137 m
8459-285173 m
8459-292347 m
8459-292348 m
846-130984 m
846-130985 m
846-130986 m
8464-282934 m
8465-246940 f
8465-246947 f
8466-274557 m
8466-285142 m
8468-294887 f
8468-295198 f
8470-286666 f
8474-281187 m
8474-281188 m
8479-276730 m
8490-284268 m
8490-284269 m
8494-244431 m
8494-244443 m
8498-287357 m
8498-287358 m
8498-287359 m
8499-256247 m
8499-256253 m
8499-256275 m
85-121551 m
850-131003 m
850-131004 m
8500-258285 m
8500-258286 m
8500-258287 m
8506-287659 f
851-131029 m
8527-281131 m
8527-281132 m
8531-282933 m
8534-216564 m
8534-216567 m
8536-244441 m
8536-244442 m
8543-280375 f
8565-290391 m
8565-290393 m
8565-290398 m
8575-290349 m
8575-290350 m
8575-290351 m
8576-285176 m
8576-300229 m
8580-287363 m
8580-287364 m
8587-281197 m
8587-295524 m
8587-295525 m
8587-295533 m
8590-258292 m
8591-284444 f
8591-284445 f
8592-285135 m
8609-262281 m
8609-283227 m
8619-291374 m
8619-291379 m
8619-291381 m
8619-291384 m
8625-211892 f
8629-261139 m
8629-261140 m
8630-305212 m
8630-305213 m
8631-249866 m
8631-281208 m
8631-283727 m
8632-245697 m
8635-295756 m
8635-295759 m
8635-295761 m
8643-269254 m
8643-298549 m
8644-262284 f
8664-295007 f
8666-293943 m
8666-293945 m
8671-285138 m
8675-283202 m
8675-292352 m
8675-295195 m
8677-246948 f
8677-291953 f
868-131294 m
868-131295 m
868-131296 m
8687-216570 m
87-121553 f
8705-290361 m
8705-290363 m
8710-286293 m
8710-295447 m
8713-296159 m
8713-300047 m
8713-302111 m
8718-295197 f
8725-294551 m
8725-294554 m
8742-245707 m
8747-293952 m
8753-297942 m
8753-297946 m
8753-297948 m
8753-297969 m
8758-291168 m
8758-291170 m
8758-296465 m
8765-295000 m
8765-295003 m
8765-295009 m
8770-295462 m
8770-295463 m
8770-295465 m
8771-294523 f
8772-270777 m
8772-295710 m
8776-270778 f
8778-246972 f
8786-276735 m
8786-276749 m
8791-291101 m
8797-294123 m
8799-291938 m
8803-296082 m
8808-283205 m
8808-295459 m
882-123267 f
8820-294113 m
8820-294114 m
8820-294120 m
8824-279153 m
8838-298545 m
8838-298546 m
884-129800 m
8846-305217 f
8848-293957 m
8848-293963 m
8855-283228 m
8855-283242 m
8855-302395 m
886-123272 m
886-123273 m
886-123274 m
8867-294715 f
887-123289 f
887-123290 f
8875-293959 m
8879-300234 m
8879-300343 m
8887-281471 m
8887-281472 m
8897-294717 f
89-219 f
895-136366 m
8975-270782 f
899-126232 m
899-126233 m
90-121085 m
90-130566 m
9000-282380 m
9000-282381 m
9023-296468 f
909-131041 m
909-131044 m
909-131045 m
91-123498 m
91-123511 m
91-123521 m
91-123526 m
911-128684 m
911-130578 m
915-163369 m
915-163370 m
915-163371 m
915-163372 m
92-6488 f
920-681 f
921-127933 m
921-127937 m
922-132291 m
922-132299 m
922-132300 m
923-132306 f
923-132307 f
925-8140 f
925-8141 f
927-132462 m
927-132466 m
93-126208 f
937-131548 f
94-3791 m
94-3792 m
94-3794 m
94-3795 m
948-132707 f
948-132710 f
949-134657 m
949-134660 m
949-138545 m
949-162667 m
953-130625 m
954-130627 m
956-127932 f
957-130588 m
957-132537 m
957-132568 m
964-124560 m
964-124569 m
964-124570 m
964-140397 m
969-134362 m
969-134363 m
969-134373 m
976-131095 f
976-172189 f
978-125137 m
978-132494 m
979-128669 f
979-128670 f
98-121658 f
98-199 f
982-133222 m
982-133226 m
984-137141 m
984-137154 m
985-126224 m
985-126226 m
985-126228 m
986-129388 m
